86	4	1
86	6	1
74	58	2
74	59	1
250	202	1
160	138	2
135	130	2
135	131	3
135	132	1
135	133	1
135	135	2
390	380	1
29	20	5
29	21	11
29	22	14
29	23	17
225	208	1
29	24	40
29	25	57
29	26	69
43	68	1
29	27	120
29	28	174
29	29	302
480	462	1
303	289	1
		1
146	61	1
658	609	1
74	60	1
1049	916	1
74	61	3
74	63	5
74	64	1
74	65	3
74	66	1
74	67	6
74	68	5
74	69	6
184	181	1
826	768	1
160	142	1
184	184	1
34	1	7
160	144	1
34	2	8
34	3	8
34	4	8
34	5	4
160	148	1
34	6	12
34	7	2
274	261	2
34	8	8
34	9	2
150	50	8
364	334	1
115	79	1
29	30	2
29	31	3
29	32	1
29	34	1
29	35	1
29	36	1
29	37	2
480	470	1
532	492	1
303	293	1
1667	1646	1
164	1	1
249	21	1
105	21	1
74	70	4
33	10	6
74	71	8
351	283	1
33	11	4
74	72	14
33	12	3
74	73	15
33	13	4
74	74	10
33	14	2
248	202	1
33	15	6
33	16	6
33	17	8
33	18	6
670	560	1
33	19	6
521	513	1
160	151	2
250	220	1
160	153	2
160	155	1
160	156	1
160	157	1
274	270	1
160	159	1
111	100	2
111	101	2
73	1	1
111	104	1
136	21	1
340	304	1
115	83	1
73	4	1
111	106	1
73	5	1
115	84	1
111	107	1
111	108	2
73	6	1
111	109	4
64	14	1
64	15	1
73	9	1
64	16	1
454	424	1
454	426	1
478	469	1
568	540	1
1422	1218	1
570	563	1
105	30	1
33	20	9
33	21	5
33	22	5
33	23	5
248	210	1
33	24	10
351	297	1
33	25	9
33	26	16
158	146	1
33	27	20
158	148	1
33	28	21
33	29	40
555	496	1
326	297	1
250	236	1
111	110	1
111	111	6
115	93	1
64	23	2
115	97	1
506	450	1
115	99	1
64	29	1
21	1	24
21	2	35
21	3	28
21	4	17
568	553	1
21	5	10
21	6	37
21	7	75
21	8	25
183	150	1
21	9	47
1906	1736	1
297	264	1
134	100	0
146	96	1
140	15	1
33	30	32
158	151	2
33	31	62
802	740	1
134	108	1
33	32	118
248	220	1
33	33	177
105	46	1
33	34	4
158	156	1
33	36	3
33	37	1
158	157	1
505	402	1
33	38	1
158	158	1
33	39	1
109	100	0
151	3	1
109	102	2
109	105	3
109	106	2
109	107	3
109	108	3
250	244	1
109	109	1
250	247	1
364	361	1
136	40	1
340	324	2
64	30	1
64	31	1
64	32	1
64	35	1
29	61	1
64	38	1
134	110	1
134	114	1
134	116	1
33	40	1
95	37	1
105	58	1
33	48	1
19	10	47
19	11	46
19	12	41
19	13	79
19	14	84
19	15	113
19	16	175
19	17	303
19	18	476
19	19	1005
198	40	1
501	233	1
64	40	1
6	10	59
136	55	1
6	11	31
64	44	1
6	12	61
6	13	2
64	46	1
6	14	2
6	15	1
64	48	2
1654	1434	1
64	49	1
6	18	1
39	1	2
39	2	4
39	3	7
39	4	6
39	5	4
60	1	1
39	6	4
60	2	3
39	7	3
60	3	4
39	8	5
3462	2652	1
60	4	1
464	386	1
39	9	6
60	6	3
60	7	3
183	173	1
183	174	1
60	9	2
95	40	1
95	42	1
134	123	2
592	522	1
95	45	1
134	125	1
134	127	2
105	64	1
134	128	1
134	129	1
224	202	1
19	20	13
19	21	6
19	22	3
224	206	1
248	247	1
19	23	2
19	24	6
19	25	3
19	27	1
169	4	1
1149	971	1
1491	1353	1
302	286	1
428	406	1
64	50	1
64	51	1
64	52	2
209	132	1
64	53	3
64	54	1
358	183	1
64	56	2
64	57	5
64	58	3
64	59	5
773	732	1
183	180	2
325	270	1
183	186	1
78	3	1
1148	928	1
78	7	1
95	50	1
134	131	3
134	132	1
95	54	1
134	133	2
134	134	2
126	12	1
224	210	2
224	212	1
682	608	1
224	214	1
19	30	2
19	31	1
19	33	1
19	35	1
19	38	1
886	800	1
296	244	1
964	880	1
64	60	7
64	61	16
64	62	18
64	63	15
64	64	19
64	65	3
157	125	1
239	21	1
23	10	17
23	11	25
23	12	29
23	13	28
23	14	21
23	15	25
23	16	28
23	17	28
23	18	55
23	19	83
2156	2064	1
1942	1622	1
273	260	1
209	7	1
724	705	1
95	62	1
110	100	-1
110	101	1
110	102	2
105	80	1
110	103	2
110	104	1
110	105	2
54	10	1
110	106	1
54	11	2
592	546	1
110	107	1
26	1	16
54	12	1
110	108	4
26	2	18
110	109	3
54	13	4
26	3	12
105	87	1
158	195	1
26	4	18
105	88	1
26	5	11
224	223	1
105	89	1
26	6	9
529	484	1
26	7	7
54	18	1
26	8	9
26	9	13
324	230	1
64	74	1
85	13	1
85	15	1
85	16	1
23	20	97
23	21	185
23	22	288
23	23	536
23	24	8
23	25	4
23	26	4
23	27	5
23	29	2
247	219	1
554	496	1
301	258	1
110	110	4
95	75	1
126	30	1
105	92	3
363	356	1
105	94	1
54	22	1
54	23	1
540	386	1
105	96	2
105	97	1
54	25	2
105	98	2
105	99	3
54	27	2
54	29	2
324	247	1
157	141	1
133	100	0
85	27	2
133	106	1
133	108	1
157	149	1
85	29	1
108	100	-1
108	101	1
108	102	1
108	103	1
108	104	1
1902	1628	1
108	105	1
108	106	3
108	107	4
108	108	4
104	9	1
95	81	2
95	83	1
95	84	1
95	85	5
95	87	2
54	30	1
95	88	2
54	32	1
224	240	1
54	36	1
222	89	1
65	2	1
54	37	1
65	3	2
54	39	1
65	4	2
65	5	1
65	6	1
65	7	1
1490	1468	1
65	9	1
886	833	1
272	230	1
13	1	130
13	2	134
272	236	1
348	298	1
64	90	1
13	3	112
13	4	119
64	92	1
3100	2316	1
13	5	495
157	151	3
13	6	178
386	352	1
13	7	358
13	8	242
157	154	1
133	113	1
157	155	2
13	9	332
157	156	1
386	356	1
85	38	1
362	316	1
23	41	1
386	358	1
133	118	1
211	198	2
211	199	1
233	125	1
95	90	3
95	91	1
95	92	4
95	93	4
95	94	9
95	95	6
54	41	1
54	42	3
54	44	4
54	45	3
54	46	1
54	47	6
54	48	5
54	49	5
272	240	1
296	282	1
272	244	1
948	792	1
324	268	1
133	122	1
130	35	1
85	43	1
133	125	3
85	48	1
133	128	2
133	129	1
247	246	1
2352	1878	1
140	92	1
140	94	1
54	50	7
54	51	15
54	52	19
54	53	32
54	54	37
54	56	1
4	1	16938
4	2	100249
4	3	35552
4	4	150163
772	734	1
4	5	892
4	6	605
4	7	203
182	171	1
4	8	314
235	5	1
4	9	7
182	174	1
182	176	1
296	296	2
272	256	1
133	130	3
209	191	1
362	330	1
133	131	2
209	193	1
133	132	2
52	2	3
52	4	2
52	5	1
209	197	1
52	7	2
209	198	1
52	8	1
504	426	1
116	19	1
1043	1037	1
708	626	1
13	10	379
13	11	727
13	12	1284
13	13	3315
13	14	42
13	15	20
13	16	12
13	17	10
13	18	5
13	19	3
246	208	1
272	260	1
324	281	1
130	3	1
272	264	1
272	267	1
85	60	1
85	62	2
0	10	3
0	11	1
85	64	1
0	12	3
386	383	1
362	344	1
85	67	1
504	432	1
0	16	1
44	10	2
362	346	1
414	366	1
44	11	3
44	12	1
44	13	1
44	15	1
44	16	1
44	17	1
44	18	1
44	19	1
91	4	1
91	7	1
181	131	1
656	612	1
313	308	1
271	211	1
1082	860	1
54	70	1
75	10	1
75	11	1
54	74	1
75	14	1
75	15	2
75	17	1
13	20	5
13	21	4
13	22	2
13	23	1
13	24	2
13	25	1
13	28	1
109	5	1
1421	1393	1
210	179	1
272	272	1
85	72	3
414	372	1
85	74	1
85	76	4
85	77	6
44	20	2
85	78	4
85	79	4
44	21	2
44	22	2
44	23	1
116	36	1
44	25	2
504	449	1
44	26	2
44	28	3
44	29	4
313	312	1
18	1	54
18	2	81
18	3	80
18	4	71
18	5	48
18	6	180
18	7	39
18	8	73
18	9	113
156	140	1
126	93	1
147	33	1
132	100	0
132	103	1
156	145	1
147	39	1
156	147	1
132	108	1
246	220	1
13	34	1
246	226	1
107	100	-2
210	186	1
107	102	2
107	103	1
107	104	2
107	105	1
107	106	2
107	107	2
151	10	1
85	80	2
85	81	1
85	82	7
130	75	1
85	83	11
872	777	1
85	84	5
85	85	6
44	30	2
44	31	2
44	32	4
44	33	3
44	34	6
44	35	2
44	36	4
44	37	6
44	38	8
44	39	13
566	559	1
181	156	1
161	77	1
156	150	1
132	110	1
156	152	1
75	32	1
156	153	1
385	354	1
156	155	2
132	114	1
75	35	1
156	156	1
208	176	1
202	32	1
132	118	1
1282	1013	1
132	119	2
246	232	1
246	234	1
107	112	1
936	800	1
192	75	1
85	91	1
414	392	1
9	1	522
133	173	1
9	2	825
9	3	3960
9	4	839
9	5	1760
44	40	18
9	6	1171
44	41	28
9	7	1988
44	42	40
9	8	3308
44	43	43
9	9	10142
44	44	59
44	45	3
44	46	1
1342	1188	1
181	164	1
181	165	1
181	166	1
57	1	2
57	2	2
57	3	1
57	4	1
57	5	1
57	7	1
57	8	1
57	9	1
132	121	1
132	124	1
132	126	1
75	48	1
132	127	3
208	189	1
132	128	2
246	241	1
246	243	1
401	33	1
336	324	1
336	325	1
294	232	1
179	150	1
618	596	1
181	170	1
181	173	1
181	175	1
181	176	2
271	250	1
271	254	1
710	692	1
75	50	3
975	937	1
75	53	1
96	2	1
96	3	1
75	57	1
75	59	1
222	212	1
222	214	1
222	216	1
222	218	1
222	219	1
2136	1744	1
336	332	1
300	294	1
294	247	1
179	160	2
44	63	1
155	127	1
207	148	1
526	416	1
1186	1032	1
632	620	1
359	324	1
174	5	1
75	60	1
75	62	3
75	63	1
75	66	2
106	18	1
75	67	2
75	68	5
34	10	2
75	69	3
34	11	2
34	12	6
34	13	3
34	14	3
34	15	5
222	222	1
34	16	3
34	17	7
34	18	4
34	19	6
44	1	1
44	2	5
44	3	2
44	5	5
44	6	2
44	7	3
44	8	4
44	9	4
151	54	1
179	171	2
44	71	1
65	10	3
65	11	1
65	12	2
65	15	1
116	89	1
155	137	1
65	17	2
65	19	1
280	146	1
552	486	1
359	339	1
75	70	3
75	71	8
75	72	12
75	73	6
75	74	19
75	75	7
463	51	1
475	463	1
75	77	1
96	17	1
34	20	5
96	18	1
34	21	4
732	644	1
34	22	10
34	23	9
34	24	8
34	25	8
34	26	9
122	8	1
34	27	16
122	9	1
34	28	14
34	29	20
268	208	1
83	2	1
180	149	1
294	260	1
9170	7842	1
83	4	1
83	5	1
83	6	1
83	7	1
83	8	2
110	11	1
131	100	0
110	15	1
116	96	1
116	98	2
116	99	2
526	436	1
269	262	1
269	266	1
269	268	1
106	100	0
106	101	2
106	102	1
106	103	2
106	104	4
106	105	1
106	106	2
96	22	1
34	30	36
34	31	57
34	32	67
34	33	113
34	34	149
34	35	3
34	36	1
34	37	1
268	214	1
180	157	1
151	70	1
214	9	1
294	271	1
137	36	1
155	151	2
65	31	2
131	112	1
65	33	1
110	28	1
31	1	13
31	2	9
31	3	14
280	165	1
65	39	1
31	4	11
31	5	9
31	6	13
31	7	6
31	8	3
31	9	7
394	284	1
359	351	1
168	30	1
182	73	1
1132	840	1
34	41	1
154	100	0
34	44	4
778	631	1
268	220	1
268	225	1
129	100	0
180	165	1
294	280	1
294	283	1
360	310	1
129	108	1
294	284	1
110	30	1
294	288	1
294	289	1
131	121	1
7	10	71
110	35	1
131	122	1
7	11	34
207	184	1
131	123	1
65	44	2
7	12	35
7	13	12
7	14	13
131	125	2
7	15	2
65	48	1
131	127	1
207	188	1
7	16	3
131	129	1
394	290	1
502	418	1
245	244	1
245	245	1
70	2	1
70	3	2
70	4	1
70	5	1
70	6	3
70	8	1
182	85	1
449	435	1
120	91	1
120	97	1
106	57	1
96	49	1
1367	1312	1
1282	1088	1
34	58	1
1453	1313	1
180	171	1
129	110	2
180	178	2
180	179	1
137	51	1
270	248	1
129	118	1
137	55	1
412	343	1
65	50	1
384	366	1
436	386	1
65	51	2
65	52	1
131	131	1
65	54	1
65	55	2
49	1	1
65	56	2
229	116	1
49	2	2
65	57	4
49	3	2
65	58	4
49	4	2
65	59	8
49	5	1
49	6	3
49	7	2
450	408	1
49	9	1
460	332	1
223	45	1
96	58	1
383	316	1
206	138	1
178	163	1
178	166	1
178	169	1
778	654	1
268	248	1
358	316	1
129	120	3
129	121	2
270	254	1
129	123	1
631	626	1
129	126	1
129	127	2
129	128	1
129	129	3
384	375	1
65	60	4
65	61	7
131	141	1
7	30	1
65	62	12
127	8	1
65	63	13
360	339	1
65	64	10
65	65	22
110	59	1
221	215	1
335	331	1
245	265	1
616	552	1
88	3	1
88	6	1
88	9	1
1666	1445	1
127	11	1
96	66	1
178	170	3
154	130	1
178	171	1
244	200	1
178	175	2
178	177	1
268	258	1
322	286	1
270	267	1
270	268	1
270	269	1
384	380	1
24	10	22
24	11	6
24	12	37
24	13	16
24	14	29
24	15	32
24	16	24
24	17	24
24	18	38
24	19	43
460	350	1
588	586	1
311	308	1
311	309	1
106	81	1
96	71	1
36	1	3
36	2	6
36	3	9
36	4	1
96	76	2
106	88	1
36	5	7
96	77	1
36	6	1
154	140	1
36	7	4
154	141	1
55	18	2
36	8	4
55	19	2
36	9	6
154	145	1
268	260	2
268	262	1
268	265	1
219	210	1
86	10	1
219	215	2
86	11	1
86	12	1
86	13	1
219	217	1
24	20	59
1463	1352	1
360	357	1
205	100	0
24	21	95
86	19	1
24	22	151
24	23	270
24	24	482
24	25	7
110	78	1
24	26	3
24	27	3
24	28	2
428	100	0
1078	853	1
106	90	1
106	91	1
106	92	2
55	20	1
96	81	2
106	93	1
106	94	1
96	82	1
130	100	0
106	96	3
130	102	1
206	164	1
55	24	3
106	98	1
55	25	1
96	86	2
100	17	1
96	87	1
106	99	2
55	26	2
100	19	1
96	88	1
55	28	1
96	89	2
154	151	1
55	29	2
244	220	1
497	461	1
75	5	1
1136	1090	1
105	100	-2
75	8	1
105	101	2
75	9	1
105	102	2
105	103	1
105	104	3
105	105	4
254	158	1
110	81	1
137	99	1
309	302	1
24	31	3
412	388	1
24	32	1
24	33	1
177	134	1
24	35	1
24	38	1
1354	1110	1
96	90	5
55	30	1
96	91	4
96	92	3
55	31	1
55	32	1
96	93	5
96	94	5
96	95	3
55	34	1
55	35	3
96	96	5
130	115	1
55	37	1
55	38	2
55	39	1
664	578	1
244	235	1
358	354	1
334	314	1
23	1	15
23	2	23
870	782	1
23	3	23
23	4	18
1490	1140	1
23	5	16
23	6	10
23	7	12
23	8	8
110	91	3
23	9	24
24	40	1
110	93	1
86	37	1
177	141	1
153	100	0
24	42	1
110	99	1
2744	2433	1
128	100	0
128	102	1
90	11	1
293	284	1
162	24	1
128	109	2
90	14	1
55	41	3
130	120	1
130	121	1
55	42	4
130	122	1
55	43	1
55	44	4
130	124	1
55	45	3
2214	2070	1
130	125	1
55	46	2
55	47	4
130	127	3
55	48	4
130	128	1
55	49	7
130	129	1
220	200	1
244	243	1
220	203	1
244	244	1
497	487	1
220	209	1
334	326	1
334	328	2
131	31	1
158	52	1
86	40	1
448	444	1
86	43	1
158	57	1
177	151	1
229	173	1
11	100	-1
177	155	1
382	314	1
628	604	1
231	197	1
162	33	1
128	117	3
728	606	1
244	40	1
90	25	1
55	50	11
130	130	3
55	51	18
90	28	1
55	52	17
55	53	23
55	54	26
100	47	1
55	55	36
55	56	1
55	58	1
176	100	1
383	378	1
220	214	1
220	216	1
868	798	1
705	625	1
62	1	1
424	415	1
62	2	1
62	3	2
86	54	1
62	4	2
292	247	1
62	5	1
62	6	1
62	7	2
1	10	1
86	59	2
62	8	2
177	164	1
128	121	2
630	624	1
128	123	1
128	124	2
128	125	4
128	127	2
90	32	1
127	70	1
100	50	13
14	10	284
14	11	322
14	12	565
14	13	1021
14	14	2648
14	15	35
14	16	17
844	750	1
14	17	10
14	18	5
14	19	8
310	309	1
86	60	1
86	63	1
292	256	1
86	66	1
131	59	1
86	67	1
86	69	1
177	172	1
45	11	3
177	173	1
45	13	4
45	14	1
177	176	1
45	15	4
153	137	1
45	17	3
45	18	3
45	19	1
10	1	328
10	2	540
1934	1676	1
10	3	333
10	4	1720
10	5	1180
267	256	1
10	6	1032
10	7	847
243	217	1
10	8	1472
10	9	2544
357	332	1
90	40	1
321	295	1
90	45	1
218	212	1
127	82	1
127	84	1
100	65	1
218	216	1
218	218	1
76	14	2
76	16	1
14	20	3
14	21	3
14	22	1
14	23	2
634	370	1
14	24	3
14	25	1
14	27	1
14	28	2
266	206	2
1288	1168	1
86	70	1
573	480	1
86	71	1
86	72	1
131	64	1
86	74	1
1	1	23989545
1	2	104591
86	76	3
1	3	629
292	268	1
86	77	2
1	4	349
86	78	3
45	20	2
153	140	1
1	5	28
86	79	2
1	6	18
382	341	1
45	22	2
153	142	1
1	7	7
45	23	2
205	163	1
1	8	7
45	24	1
1	9	2
45	25	2
153	146	1
45	26	2
316	21	1
153	147	1
45	28	1
2512	2284	1
153	149	1
45	29	3
496	460	1
2933	2403	1
267	266	1
28	1	15
28	2	14
28	3	21
104	100	-3
104	101	3
28	4	16
28	5	11
104	102	2
28	6	6
104	103	1
28	7	12
104	104	6
28	8	8
28	9	7
90	54	1
100	70	1
100	73	1
100	75	1
14	31	1
86	80	4
86	82	3
86	83	7
152	15	1
86	84	7
86	85	8
86	86	2
153	150	2
117	42	1
45	30	2
45	31	1
45	32	3
153	152	1
45	34	2
45	35	7
45	36	2
45	37	5
205	178	1
227	100	0
45	38	13
205	179	1
45	39	12
496	476	1
90	64	1
100	82	1
90	67	1
299	133	1
90	68	1
100	84	1
100	85	1
100	86	2
100	87	1
100	88	1
76	35	1
100	89	1
127	100	0
230	186	1
230	188	1
934	868	1
80	10	1
131	84	1
767	761	1
292	284	1
131	89	1
80	16	1
45	40	16
117	53	1
45	41	19
45	42	27
45	43	34
45	44	47
106	6	2
45	45	61
45	46	1
45	47	2
45	48	1
45	49	1
128	165	1
90	71	1
67	4	3
67	7	1
100	90	2
67	8	1
100	91	3
100	93	2
76	41	1
100	94	3
100	96	4
100	97	4
100	98	2
121	37	1
100	99	7
15	1	73
15	2	102
15	3	108
15	4	87
15	5	373
828	666	1
15	6	77
15	7	199
15	8	121
15	9	177
230	193	1
127	111	1
934	876	1
292	290	1
292	291	1
127	117	1
892	780	1
45	50	1
45	53	1
45	54	1
382	374	1
45	57	1
205	199	1
45	59	2
90	80	2
90	81	1
90	82	4
183	33	1
90	83	2
90	84	3
90	85	3
90	86	3
90	87	5
90	88	5
291	241	1
90	89	6
121	44	1
76	53	1
107	11	1
107	12	1
176	163	1
176	164	1
176	167	1
457	386	1
176	168	1
176	169	1
266	240	1
266	246	1
266	248	1
127	120	1
127	121	2
408	342	1
127	123	2
127	124	2
127	125	3
127	126	1
127	127	1
127	129	1
356	328	1
217	208	1
90	90	6
6	1	3390
6	2	25795
90	92	1
6	3	11314
6	4	9321
6	5	9796
6	6	38130
6	7	272
6	8	169
76	60	1
169	11	1
6	9	74
423	422	1
379	316	1
76	62	1
76	63	1
76	64	1
76	65	1
76	66	2
76	67	1
76	68	4
35	10	3
76	69	1
35	11	6
176	173	1
152	132	1
35	12	6
152	133	1
35	13	6
176	175	1
35	14	4
35	15	5
35	16	1
198	100	0
152	137	1
35	17	2
35	18	4
35	19	1
242	210	1
54	3	2
266	254	1
54	4	5
54	5	2
266	256	1
54	7	3
318	278	1
54	9	1
356	330	1
675	600	1
80	40	1
179	72	1
179	73	1
276	186	1
66	11	2
117	86	1
66	15	1
66	17	1
76	70	6
76	71	4
76	72	3
76	73	7
76	74	7
76	75	7
76	76	11
107	32	1
35	20	5
35	21	5
152	142	1
35	22	6
152	143	1
35	23	7
132	5	1
35	24	7
35	25	8
35	26	5
35	27	6
152	148	2
35	28	16
35	29	10
523	437	1
242	223	1
266	264	1
242	227	1
103	100	0
103	101	1
103	102	3
103	103	3
356	344	1
93	2	1
93	5	1
80	52	1
80	58	1
66	20	1
66	21	2
66	23	1
410	386	1
307	306	1
289	252	1
600	464	1
35	30	20
152	151	3
35	31	29
152	152	1
35	32	28
35	33	69
4850	4306	1
35	34	91
35	35	155
35	36	4
35	37	1
632	322	1
306	32	1
35	38	2
35	39	1
820	796	1
332	302	1
242	236	1
332	308	1
356	353	1
80	63	1
80	65	1
80	67	2
138	43	1
80	69	2
66	33	1
41	1	1
66	36	2
41	2	2
41	3	6
41	4	3
41	5	3
41	7	5
41	8	3
41	9	2
79	100	0
3025	2944	1
126	100	0
291	283	1
126	109	1
70	17	1
995	967	1
35	49	1
918	790	1
332	312	1
80	70	2
80	71	4
80	72	5
173	24	1
80	73	3
80	74	3
173	25	1
80	75	2
80	76	5
80	77	6
80	78	3
80	79	12
8	10	84
8	11	53
8	12	43
8	13	20
8	14	18
199	191	1
138	59	1
8	15	5
342	258	1
8	16	12
175	152	1
175	153	1
203	134	1
199	197	1
80	4	1
265	235	1
183	82	1
80	9	1
126	111	1
126	112	1
291	290	1
126	114	2
70	20	1
126	117	1
126	118	2
126	119	1
995	973	1
70	27	1
169	59	1
204	191	1
433	398	1
408	390	1
446	442	1
80	80	9
152	93	1
422	404	1
66	50	1
66	53	1
66	55	1
66	56	2
175	160	1
59	2	3
66	57	3
175	161	1
66	58	1
59	3	2
66	59	4
175	164	1
59	7	3
59	8	1
59	9	1
289	283	1
126	120	3
126	121	2
126	122	2
126	124	1
126	125	1
126	126	3
216	202	1
216	203	1
107	76	1
320	99	1
699	690	1
80	91	1
66	60	7
66	61	7
66	62	6
8	31	1
66	63	11
66	64	11
111	57	1
66	65	11
66	66	11
25	10	11
66	68	2
227	192	1
25	11	19
175	173	1
25	12	10
151	133	1
25	13	23
151	134	1
25	14	18
25	15	17
151	136	1
25	16	15
227	198	1
25	17	26
25	18	24
151	139	1
25	19	28
98	5	1
142	50	1
698	642	1
70	42	1
216	211	1
70	46	1
97	66	1
70	47	1
70	48	2
216	215	1
471	462	1
288	242	1
378	316	1
66	70	1
2226	2034	1
290	266	1
25	20	48
25	21	63
151	141	1
25	22	90
380	338	1
25	23	147
25	24	274
151	145	1
25	25	405
151	146	1
25	26	11
241	214	1
25	27	6
25	29	2
470	418	1
716	701	1
568	402	1
102	100	-2
102	101	4
102	102	4
102	103	1
70	50	1
97	71	1
56	10	1
70	52	1
56	11	2
46	1	4
56	12	1
70	53	2
46	2	4
46	3	1
56	13	1
70	55	3
107	91	1
97	76	1
46	5	3
70	57	3
97	77	1
46	6	2
107	92	1
56	17	3
70	58	4
46	7	3
202	100	0
70	59	1
56	19	1
107	95	1
46	9	4
107	96	1
107	98	1
107	99	3
174	134	1
288	250	1
288	255	1
288	258	1
288	259	1
87	15	1
87	16	1
149	137	1
111	74	1
290	274	1
468	408	1
697	608	1
151	150	1
778	358	1
151	151	2
25	31	1
407	362	1
70	60	2
101	11	1
70	61	1
56	20	1
97	82	2
102	117	1
70	62	3
56	21	2
97	83	3
70	63	3
70	64	8
97	84	1
56	24	1
702	605	1
70	65	7
56	25	1
70	66	6
97	86	2
56	26	1
70	67	8
97	87	5
97	88	3
70	68	8
97	89	2
70	69	16
56	28	1
56	29	1
198	189	1
288	261	1
288	264	1
288	266	2
149	140	1
288	269	2
125	100	0
149	144	1
125	103	1
651	646	1
87	25	1
290	280	1
290	281	1
60	10	1
149	147	1
149	148	1
111	85	1
60	12	1
111	86	1
125	109	2
290	286	1
380	354	1
60	15	1
25	43	1
470	431	1
241	234	1
241	239	1
955	841	1
101	20	1
70	70	10
56	30	1
97	91	3
97	92	3
658	506	1
97	93	3
445	436	1
56	33	1
97	94	9
70	75	1
702	615	1
97	95	9
91	14	1
97	96	3
56	36	2
97	97	4
150	100	0
198	194	2
198	196	2
174	157	1
288	274	1
33	1	8
33	2	9
33	3	13
33	4	2
125	110	1
33	5	5
378	348	1
33	6	3
354	308	1
33	7	5
125	113	1
111	90	2
33	8	6
331	10	1
33	9	6
125	115	1
87	37	1
111	95	1
125	118	2
111	96	1
125	119	3
60	24	1
60	25	1
111	98	2
25	50	14
60	28	1
506	330	1
60	29	1
203	192	1
380	369	1
239	237	1
203	194	1
239	239	1
203	196	1
203	199	1
407	380	1
163	5	1
56	40	1
56	41	3
91	21	1
56	42	3
56	44	2
56	45	1
56	47	2
56	48	6
56	49	12
226	181	1
248	100	0
150	119	1
174	164	1
174	166	1
111	2	1
174	169	1
111	5	1
288	281	1
569	499	1
288	286	1
378	356	1
406	336	1
354	316	1
125	121	1
125	123	1
125	124	3
125	125	2
60	31	1
60	32	3
72	2	1
60	34	3
72	3	1
60	35	1
72	4	1
60	36	2
60	37	1
173	100	0
25	61	1
470	456	1
287	227	1
584	575	1
101	40	1
91	30	1
56	50	3
56	51	8
56	52	9
56	53	11
56	54	20
251	199	1
56	55	24
56	56	35
56	58	2
174	173	2
1485	1396	1
194	33	1
125	132	1
60	40	1
60	42	1
2	10	5
215	206	1
60	43	1
2	12	1
2	14	1
60	48	3
60	49	4
831	826	1
197	162	1
20	1	34
20	2	45
20	3	31
20	4	37
20	5	26
20	6	22
20	7	24
20	8	48
20	9	28
101	51	1
148	116	1
91	42	1
56	63	1
128	76	1
15	10	163
15	11	221
15	12	284
15	13	511
15	14	917
150	135	1
15	15	2095
15	16	24
150	136	1
15	17	16
15	18	8
15	19	3
264	250	1
129	2	1
240	213	1
240	216	1
129	9	1
635	553	1
87	62	1
87	66	1
215	213	1
60	50	3
46	10	1
60	51	4
444	414	1
215	215	1
60	52	10
87	69	1
46	12	2
60	53	5
46	13	1
60	54	7
60	55	8
46	14	2
340	226	1
60	56	8
46	16	2
60	57	13
60	58	24
60	59	22
46	18	1
46	19	1
478	382	1
225	145	1
1064	926	1
101	63	1
128	86	1
149	28	1
101	69	1
150	140	2
15	20	3
150	141	1
91	59	1
15	21	6
238	206	1
15	22	2
150	143	1
15	24	4
150	146	1
150	149	2
316	282	2
264	262	1
609	505	1
240	222	1
101	100	-2
101	101	1
354	342	1
101	102	1
87	70	2
1926	1661	1
87	71	2
87	72	1
87	74	3
118	30	1
87	76	2
87	77	3
60	60	24
46	20	1
60	62	1
214	74	1
87	79	2
46	23	3
60	65	1
46	24	2
46	26	1
46	28	1
534	504	1
197	180	1
1037	1025	1
197	181	1
38	1	6
1550	1488	1
38	2	8
287	253	1
197	186	1
38	3	6
38	4	4
38	5	4
38	6	6
38	7	3
38	8	5
38	9	1
148	132	1
148	138	1
148	139	1
91	64	1
101	77	1
91	65	1
150	150	3
77	29	1
238	216	1
202	174	1
431	379	1
240	234	1
316	296	1
316	297	1
264	279	1
87	80	2
87	81	3
87	82	4
87	83	1
87	84	4
87	85	2
132	78	1
87	86	6
60	70	1
87	87	8
46	30	3
46	31	1
46	33	1
46	34	1
46	35	2
46	37	1
46	38	7
46	39	8
197	194	1
197	197	1
612	595	1
124	100	0
148	142	1
124	101	1
148	143	1
124	103	1
148	145	2
101	82	1
122	21	1
124	105	1
91	70	3
101	83	1
91	71	1
148	147	1
50	10	3
50	11	2
266	23	1
91	73	1
101	85	1
101	86	1
50	13	1
77	33	2
91	74	2
50	14	1
101	88	1
238	222	2
91	76	1
77	9	1
50	16	1
91	78	1
444	73	1
50	18	1
50	19	1
202	183	1
406	381	1
118	50	1
81	16	1
46	40	9
902	686	1
46	41	13
46	42	24
46	43	18
46	44	26
46	45	40
46	46	49
46	47	1
46	48	1
46	49	1
6288	5614	1
339	296	1
339	298	1
124	111	1
124	112	1
101	90	3
124	114	1
91	80	1
101	92	1
101	93	2
149	52	1
101	94	2
124	117	1
50	22	1
101	95	2
124	118	2
124	119	1
50	23	2
91	84	5
101	96	2
101	97	3
50	25	12
91	86	2
238	232	1
101	98	4
101	99	2
50	26	2
91	87	4
238	234	1
50	27	4
91	88	3
50	28	1
91	89	11
740	738	1
50	29	4
202	192	1
854	851	1
238	238	1
25	1	12
25	2	21
25	3	29
172	100	0
328	312	1
202	199	1
15	59	1
25	4	19
25	5	10
25	6	12
25	7	15
25	8	11
25	9	20
132	92	1
81	20	1
147	100	0
81	22	1
46	55	1
173	163	1
173	168	1
287	287	1
184	31	1
520	429	1
124	122	2
124	123	1
124	124	2
91	90	7
50	30	2
91	91	7
50	31	1
50	34	2
702	696	1
50	35	2
214	202	1
77	56	1
50	36	3
50	37	1
108	11	1
50	38	4
214	204	1
186	226	1
1963	1936	1
328	323	1
81	33	1
81	38	1
46	61	1
139	13	1
118	79	1
173	171	2
173	172	1
46	69	1
173	173	3
225	197	1
430	356	1
184	40	1
377	372	1
77	60	2
50	41	4
50	42	5
50	43	5
77	63	1
214	210	1
77	64	1
50	44	8
77	65	2
50	45	17
214	212	1
50	46	11
77	67	2
561	83	1
50	47	25
77	68	3
214	214	1
50	48	25
36	10	3
77	69	3
50	49	36
36	11	3
36	12	6
36	13	4
36	14	4
36	15	3
36	16	4
36	17	1
196	162	1
36	18	7
36	19	2
64	1	1
64	2	1
64	4	1
64	5	1
64	6	1
64	8	1
286	248	1
147	125	1
376	324	1
67	11	1
12	1	237
81	49	1
12	2	361
12	3	273
67	13	1
12	4	1334
118	88	1
12	5	252
67	16	2
12	6	800
67	17	2
12	7	324
12	8	604
12	9	522
67	19	1
173	185	1
438	277	1
100	100	1
634	564	1
50	50	101
77	70	5
77	71	5
50	52	1
77	72	6
98	12	1
50	53	1
77	73	6
77	74	9
77	75	2
50	56	1
77	76	11
77	77	5
36	20	5
443	423	1
36	21	7
36	22	3
36	24	7
36	25	4
304	300	1
36	26	6
36	27	5
36	28	11
36	29	8
196	175	1
81	50	1
286	259	1
147	130	1
81	51	2
147	131	1
81	53	1
147	133	1
147	134	1
81	56	3
428	354	1
112	13	1
67	23	1
67	24	2
237	215	1
430	370	1
2354	2004	1
337	226	1
98	22	1
143	16	1
36	30	22
77	89	1
36	31	21
36	32	36
36	33	38
36	34	57
36	35	90
295	139	1
36	36	117
36	37	3
36	39	1
172	142	1
172	145	1
3	1	262104
848	692	1
3	2	105616
200	126	1
3	3	402776
196	189	1
3	4	2891
401	196	1
3	5	1000
3	6	1152
3	7	31
3	8	27
286	266	1
123	100	0
81	63	1
81	64	3
81	65	1
147	144	2
112	20	1
147	145	3
81	67	1
147	146	1
147	147	1
67	30	1
40	10	3
40	11	2
81	69	2
40	13	2
40	14	6
40	15	2
67	35	2
67	36	2
40	16	5
311	11	1
40	17	3
40	18	2
51	3	2
51	4	3
51	5	2
51	6	4
51	7	1
608	515	1
51	8	1
201	186	2
51	9	1
327	301	1
430	388	1
266	82	1
71	11	1
71	14	1
122	87	1
71	16	1
36	40	1
108	52	1
36	41	1
762	711	1
36	43	1
36	45	1
36	47	1
172	150	1
108	59	1
224	177	1
262	230	1
338	292	1
81	70	4
174	22	1
81	71	1
123	110	1
81	73	4
1488	1230	1
81	74	2
81	75	4
112	30	1
81	76	2
123	114	2
81	77	6
123	115	3
67	40	1
40	20	4
81	78	7
81	79	6
40	21	5
123	118	2
9	10	101
40	22	3
67	43	2
404	338	1
9	11	54
40	23	2
9	12	41
40	24	4
9	13	29
40	25	6
237	233	1
9	14	15
40	26	2
9	15	8
40	28	1
9	16	11
9	17	2
40	29	4
9	18	3
9	19	2
201	195	1
201	196	1
430	396	1
1440	994	1
90	4	1
90	6	1
99	100	-7
90	8	1
90	9	1
122	94	1
146	100	0
122	95	1
634	598	1
71	23	1
225	45	1
36	56	1
108	69	1
108	6	1
262	244	1
286	285	1
108	7	1
81	80	7
81	81	10
1448	1224	1
123	121	5
123	122	1
81	85	1
123	123	2
40	30	6
40	31	3
67	52	1
40	32	8
67	53	2
40	33	9
9	22	1
40	34	16
40	35	26
67	55	3
40	36	29
67	56	2
213	203	1
67	57	1
69	2	3
40	37	36
40	38	46
40	39	77
67	59	3
69	5	1
69	6	2
327	324	1
184	96	1
17	1	58
17	2	60
17	3	52
17	4	51
98	51	1
17	5	40
17	6	54
17	7	114
71	34	1
17	8	69
17	9	106
700	638	1
2254	1940	1
71	38	1
108	79	1
172	171	2
172	172	1
442	401	1
40	40	78
67	60	3
404	356	1
67	61	7
67	62	7
147	8	1
67	63	5
40	44	1
67	64	9
112	57	1
67	65	15
67	66	12
67	67	20
26	10	13
67	68	1
67	69	1
26	11	9
26	12	15
26	13	28
338	67	1
26	14	8
26	15	20
26	16	13
813	705	1
556	528	1
26	17	16
26	18	22
195	163	1
26	19	22
452	339	1
195	165	1
261	206	1
71	41	1
71	43	2
98	64	1
71	45	1
71	47	1
108	82	1
57	10	1
71	49	1
57	12	2
108	86	1
236	200	1
975	816	1
57	15	1
108	89	1
57	18	1
57	19	1
236	208	1
200	167	1
404	362	1
4074	3400	1
112	64	1
40	56	1
466	463	1
67	78	1
26	20	29
8	1	752
67	79	1
26	21	41
8	2	1354
26	22	47
8	3	1388
26	23	84
8	4	5634
4478	4161	1
26	24	142
8	5	1745
26	25	225
8	6	2968
26	26	363
8	7	4427
26	27	3
8	8	15126
26	28	1
8	9	142
171	134	1
247	195	1
285	255	1
146	130	1
56	1	3
129	23	1
71	53	1
146	132	1
98	74	1
56	3	3
56	4	3
108	90	2
71	57	2
98	77	1
71	58	1
108	93	1
56	7	2
108	94	1
71	59	5
57	21	1
56	8	2
56	9	1
146	139	1
108	95	2
375	339	1
57	23	1
57	25	1
108	98	1
108	99	2
489	454	1
200	171	1
236	218	1
236	219	1
200	175	1
88	24	1
40	66	1
26	30	1
26	31	2
26	32	3
398	329	1
26	33	2
26	37	1
26	38	1
26	39	1
195	184	1
195	189	1
171	149	1
490	417	1
71	60	1
71	61	1
146	141	1
71	62	2
122	100	1
122	101	1
71	64	2
98	84	3
71	65	3
146	144	3
71	66	8
98	87	1
122	105	1
71	67	5
164	19	1
57	30	1
102	22	1
71	68	6
98	88	3
30	10	14
98	89	1
71	69	2
30	11	4
30	12	12
122	109	1
30	13	4
57	34	3
30	14	4
30	15	19
57	36	1
30	16	10
30	17	6
30	18	9
57	39	1
30	19	16
1224	1210	1
200	189	1
1179	1166	1
8618	7194	1
195	17	1
442	432	1
976	892	1
112	84	2
61	11	1
61	14	1
67	97	1
61	16	1
88	39	1
171	151	1
195	193	1
195	194	1
98	90	1
708	584	1
71	70	10
92	10	1
98	91	3
71	71	13
122	110	1
98	92	3
98	93	2
122	112	1
98	94	1
98	95	4
98	96	5
92	15	1
122	114	1
1804	1751	1
98	97	6
122	115	2
98	98	5
30	20	12
57	41	1
92	18	1
30	21	9
102	34	1
122	118	1
30	22	15
57	42	1
246	35	1
122	119	4
30	23	27
57	44	1
30	24	16
1023	836	1
57	45	1
30	25	27
30	26	37
57	46	2
57	47	5
30	27	59
57	48	2
30	28	86
30	29	162
57	49	2
200	195	1
200	196	1
200	198	1
200	199	1
756	578	1
581	560	1
43	1	1
43	2	5
98	100	-7
43	3	7
43	4	2
404	390	1
43	5	3
43	6	3
43	7	1
43	8	4
98	106	1
43	9	2
145	100	0
61	23	2
112	96	1
488	410	1
133	39	1
61	28	1
398	347	1
542	451	1
171	168	1
171	169	1
245	117	1
71	80	1
143	94	1
122	120	1
71	82	1
92	22	1
122	121	3
92	25	1
427	385	1
71	88	1
30	30	237
57	50	7
30	31	3
57	51	8
30	32	1
57	52	9
57	53	8
30	34	1
57	54	7
102	47	1
30	35	1
57	55	12
30	36	2
57	56	23
57	57	27
326	312	1
57	58	1
30	38	1
336	254	1
61	31	1
88	55	1
169	155	1
1766	1478	1
3212	3172	1
82	5	1
169	157	1
61	38	2
82	7	1
145	118	1
215	54	1
761	731	1
82	8	2
545	134	1
215	58	1
578	504	1
223	195	1
193	104	1
261	259	1
92	33	1
212	200	1
92	35	1
212	203	1
102	52	1
92	37	1
57	61	1
57	63	1
30	44	1
102	56	1
326	321	1
30	47	1
30	48	1
284	240	1
284	242	1
61	41	3
145	121	1
3	10	4
61	43	3
3	11	3
3	12	1
61	45	2
88	66	1
169	167	3
3	15	1
61	48	2
488	434	1
61	49	1
145	129	1
398	369	1
30	1	12
30	2	11
30	3	13
30	4	4
30	5	14
30	6	7
261	260	1
542	476	1
30	8	9
30	9	5
92	41	1
129	75	1
30	51	2
16	10	140
16	11	116
16	12	141
16	13	238
16	14	447
16	15	725
30	57	1
16	16	1675
16	17	22
16	18	14
16	19	2
194	170	1
416	410	1
139	6	1
194	176	1
336	270	1
284	258	1
61	50	3
47	10	1
88	71	2
61	51	2
47	11	4
61	52	7
61	53	6
47	13	1
88	74	2
61	54	4
47	14	1
88	75	1
61	55	12
88	76	1
61	56	2
88	77	1
47	16	1
61	57	6
88	78	1
61	58	14
47	18	1
88	79	4
145	138	3
61	59	15
145	139	1
259	255	1
542	486	1
129	80	1
351	343	1
668	609	1
92	52	1
78	12	1
1318	1110	1
102	72	1
16	20	4
16	21	6
16	22	2
16	23	4
16	24	1
102	79	1
16	26	5
16	27	1
302	302	1
16	28	2
170	144	1
260	212	1
284	260	1
170	149	2
645	629	1
284	264	2
336	286	1
61	60	16
88	80	2
145	140	1
47	20	1
88	81	4
61	61	25
47	21	2
88	82	4
47	22	1
145	142	1
88	83	4
145	143	1
47	23	2
88	84	2
145	144	1
61	65	1
47	24	2
88	85	2
47	25	2
145	145	1
88	86	4
47	26	1
88	87	3
47	27	2
20	10	97
88	88	10
20	11	45
47	28	2
20	12	47
47	29	2
20	13	52
20	14	68
20	15	75
20	16	94
20	17	157
20	18	272
20	19	412
48	1	2
48	2	2
949	822	1
48	3	3
48	4	5
48	5	2
48	6	3
48	7	2
48	9	3
92	63	1
746	690	1
129	98	1
51	10	1
102	83	1
16	31	1
51	11	2
16	32	2
51	12	2
102	86	1
51	13	3
102	87	1
51	14	3
51	15	1
102	89	1
51	18	1
51	19	6
487	405	1
194	192	3
194	193	1
170	153	2
336	292	1
121	100	0
154	13	1
284	274	1
121	102	1
284	276	1
121	106	1
47	30	2
133	84	1
82	11	1
47	31	2
61	73	2
47	32	4
426	368	1
47	33	1
82	14	1
47	35	2
47	36	3
20	20	832
47	37	4
20	21	11
47	38	3
47	39	2
20	22	5
20	23	7
235	227	1
20	24	2
235	229	1
20	26	1
20	27	2
20	28	2
349	344	1
835	719	1
2748	2470	1
92	70	1
97	100	-7
97	102	2
87	6	1
403	389	1
281	66	1
102	90	1
102	91	1
78	35	2
92	76	1
123	29	1
51	21	1
102	94	2
529	509	1
51	22	2
102	96	1
51	24	1
102	97	3
102	98	4
51	26	2
102	99	5
487	414	1
51	29	1
170	162	1
260	230	1
170	166	2
170	168	3
312	256	1
170	169	1
284	280	2
121	112	1
121	113	1
121	114	1
47	40	7
374	356	1
61	82	1
47	41	10
121	118	2
133	95	1
47	42	14
47	43	19
121	119	3
47	44	19
47	45	29
82	26	1
47	46	47
20	30	1
47	47	60
47	48	3
516	456	1
20	34	1
578	550	1
554	512	1
526	382	1
193	154	1
484	294	1
123	30	1
92	81	4
144	100	-1
92	83	1
78	42	1
144	102	1
92	84	2
78	44	1
92	85	2
92	86	1
78	45	1
92	87	3
670	652	1
144	106	1
92	88	3
51	30	1
51	31	1
92	89	3
51	32	1
144	109	1
51	33	3
51	34	2
51	35	4
51	36	2
35	1	6
35	2	4
51	37	1
51	38	4
35	3	6
168	159	1
51	39	2
35	4	2
35	5	1
258	228	1
35	6	5
35	7	2
119	100	0
35	8	2
607	598	1
119	102	1
35	9	2
119	108	1
121	120	5
121	121	1
426	382	1
47	51	1
82	33	1
440	400	1
488	482	1
82	35	2
211	203	1
20	41	1
82	38	1
325	320	1
554	526	1
415	406	1
92	90	4
92	91	6
92	92	10
529	522	1
373	310	1
144	115	1
168	160	2
51	40	5
109	12	1
51	41	7
78	59	1
51	42	5
51	43	2
168	164	1
51	44	7
51	45	3
168	166	1
51	46	12
258	234	1
168	167	1
51	47	16
109	19	1
51	48	16
168	169	1
51	49	20
119	110	1
119	111	3
902	833	1
119	113	2
312	270	1
119	115	2
119	116	1
260	252	1
119	118	1
119	119	3
74	5	1
74	6	1
74	7	1
260	258	1
154	43	1
374	370	1
154	46	1
167	100	0
167	105	1
440	412	1
516	474	1
554	537	1
193	171	1
606	558	1
1308	1158	1
1464	1193	1
193	177	1
123	53	1
78	61	1
78	65	1
78	66	1
123	58	1
78	67	3
51	50	36
37	10	1
78	68	1
51	51	30
78	69	3
37	12	4
37	13	2
51	54	1
37	14	1
37	15	3
37	16	5
234	205	1
37	18	4
692	604	1
37	19	4
258	248	1
234	208	2
541	481	1
778	594	1
312	284	1
209	205	1
154	54	2
350	341	1
119	80	1
22	1	21
68	11	1
22	2	33
82	53	1
22	3	34
68	14	1
22	4	20
22	5	13
412	290	1
22	6	16
22	7	12
22	8	32
22	9	20
301	307	1
193	182	1
283	252	1
193	186	1
2160	1738	1
193	187	1
1326	1311	1
283	255	1
987	934	1
78	70	4
78	71	4
373	330	1
78	72	3
144	131	1
78	73	3
78	74	6
78	75	6
78	76	2
78	77	12
37	20	5
78	78	12
99	18	1
37	21	3
78	79	1
37	22	5
37	23	3
258	252	1
37	24	3
234	212	1
37	25	7
109	38	1
258	254	1
37	26	7
37	27	5
37	28	9
37	29	7
258	258	1
312	294	1
577	538	1
82	63	1
82	64	1
119	97	1
82	66	1
396	324	1
68	25	1
82	68	1
68	27	1
193	190	1
73	102	1
193	198	1
120	100	0
144	143	1
78	84	1
120	105	1
10	10	7320
37	30	12
10	11	64
37	31	14
120	107	2
10	12	24
37	32	18
109	45	1
10	13	24
37	33	27
10	14	25
37	34	39
10	15	8
37	35	51
234	223	1
10	16	10
37	36	81
10	17	2
37	37	136
37	38	2
10	18	8
10	19	1
37	39	1
324	300	1
100	8	1
82	70	1
41	10	1
41	11	2
82	72	1
396	331	1
41	12	3
82	73	2
113	25	1
41	13	1
82	74	4
41	14	1
82	75	3
82	76	3
68	35	1
41	15	4
292	142	1
41	16	4
82	77	4
61	2	2
82	78	2
68	38	1
41	18	4
82	79	5
61	3	2
41	19	1
61	4	2
61	5	1
61	6	1
243	100	0
283	277	2
120	110	1
987	958	1
72	12	1
373	351	1
120	113	1
120	114	1
120	115	1
72	16	1
99	37	1
120	116	2
10	20	3
10	21	2
120	117	2
218	100	0
120	118	2
120	119	1
234	231	1
10	26	1
234	234	1
37	47	1
37	49	1
5448	4530	1
96	100	-1
667	636	1
402	394	1
82	80	11
68	40	1
82	81	6
41	20	3
82	82	12
41	21	2
528	512	2
41	22	4
68	43	1
167	143	1
41	23	1
41	24	2
68	44	1
236	98	1
41	25	5
41	26	3
41	27	1
68	47	2
372	306	1
41	28	2
41	29	2
372	308	1
530	530	1
257	226	1
486	426	1
79	6	2
79	7	1
118	100	0
118	101	1
79	9	1
347	306	1
118	107	1
118	108	1
118	109	1
120	120	2
72	21	1
99	41	1
72	23	1
373	363	1
72	24	1
109	62	1
210	202	1
37	57	1
210	205	1
515	466	1
210	208	2
577	562	1
192	156	1
192	158	1
154	91	1
414	408	1
68	50	1
41	30	8
809	737	1
68	51	1
41	31	5
143	111	1
68	52	1
41	32	5
41	33	6
167	154	1
2850	2388	1
41	34	10
68	55	1
1906	1870	1
41	35	12
167	156	1
41	36	9
68	56	2
41	37	17
68	57	5
167	158	1
143	117	1
0	1	20215
41	38	33
68	58	2
0	2	6296
41	39	51
0	3	158
0	4	296
0	5	9
0	6	33
0	7	2
0	8	6
118	110	1
450	395	1
118	111	1
118	113	4
118	115	3
118	116	3
496	364	1
118	117	3
118	118	5
27	1	15
27	2	15
27	3	13
27	4	18
27	5	4
27	6	9
27	7	7
99	54	1
27	8	9
27	9	23
120	136	1
166	100	0
638	468	1
401	358	1
782	722	1
175	43	1
68	60	3
41	40	61
41	41	88
68	61	5
41	42	1
68	62	2
68	63	4
167	164	1
41	44	1
68	64	7
41	45	1
68	65	9
143	125	1
41	46	1
68	66	8
167	166	2
68	67	6
27	10	7
68	68	19
68	69	1
27	11	18
143	129	2
27	12	8
27	13	10
27	14	8
538	462	1
27	15	15
27	16	12
27	17	11
27	18	10
27	19	20
233	207	1
311	281	1
963	940	1
208	200	1
208	203	1
311	289	1
208	206	2
72	44	1
99	65	1
720	631	1
99	67	1
58	10	2
58	15	1
58	16	1
58	19	1
3451	2856	1
192	175	1
192	179	1
282	258	1
396	372	1
89	12	1
396	374	1
143	134	1
219	196	1
113	68	1
143	135	1
143	136	2
143	137	1
356	208	1
27	20	16
189	100	0
27	21	21
27	22	26
143	139	1
257	251	1
27	23	47
27	24	61
1190	1064	1
27	25	124
27	26	168
27	27	314
105	5	2
27	28	2
3168	3150	1
27	29	3
233	217	1
1634	1560	1
311	296	1
72	50	2
72	51	1
72	53	1
66	2	2
66	3	1
99	74	1
72	54	2
99	75	1
66	5	1
72	57	1
66	6	1
58	20	1
66	7	1
66	8	1
99	79	1
66	9	1
58	23	2
395	324	1
58	25	1
109	98	1
58	26	1
692	672	1
109	99	1
58	27	1
58	29	6
1100	1026	1
192	181	1
553	552	1
14	1	106
14	2	160
14	3	107
14	4	95
14	5	139
14	6	281
334	280	1
14	7	290
14	8	253
14	9	194
68	80	1
396	380	1
372	340	1
143	142	1
113	77	1
134	19	1
27	30	1
440	495	1
27	31	1
27	32	2
27	33	1
514	442	1
27	37	2
323	305	1
165	10	1
72	61	2
99	82	1
72	62	3
99	83	1
401	381	1
72	63	3
72	64	4
72	65	2
72	66	5
1130	1046	1
99	87	1
72	67	2
99	88	1
58	30	1
72	68	4
72	69	11
58	31	2
99	89	1
31	11	9
58	32	1
31	12	2
395	331	1
58	33	1
31	13	6
58	34	1
31	14	3
103	27	1
58	35	1
31	15	2
58	36	1
166	136	1
31	16	3
58	37	1
31	17	5
58	38	1
31	18	5
58	39	2
31	19	9
192	190	3
192	192	1
2683	2326	1
282	276	2
396	390	1
62	11	1
27	41	1
27	42	2
27	43	1
27	47	1
410	263	1
95	100	-1
510	264	1
99	90	2
1019	881	1
72	70	4
72	71	13
99	92	1
72	72	9
99	93	5
99	94	8
5	1	5343
99	95	4
5	2	10387
99	96	4
5	3	20265
95	107	1
99	97	3
5	4	16536
72	78	1
482	296	1
99	98	6
31	20	8
5	5	66041
58	40	2
93	18	1
99	99	7
31	21	6
5	6	633
142	100	0
58	42	1
31	22	6
5	7	235
31	23	14
5	8	173
58	43	4
31	24	23
5	9	67
31	25	15
58	45	1
166	146	1
31	26	23
58	46	3
31	27	37
58	47	1
31	28	60
58	48	4
31	29	99
58	49	2
256	226	1
117	100	0
53	1	3
117	104	1
53	3	3
282	282	2
53	4	2
117	107	1
53	5	3
53	6	3
117	108	1
53	7	5
53	8	3
53	9	3
89	41	1
372	360	1
62	26	1
113	99	1
62	28	1
372	368	1
27	54	1
508	256	1
191	153	1
93	20	1
630	596	1
144	99	1
31	30	131
58	50	2
58	51	2
93	28	1
31	31	204
31	32	1
58	52	6
166	153	1
31	33	3
58	53	9
58	54	11
31	35	2
58	55	9
218	176	1
58	56	15
58	57	23
58	58	20
31	39	1
166	159	1
142	119	1
220	192	1
117	110	1
117	112	1
117	114	4
117	115	2
117	116	1
117	117	5
310	276	1
62	30	1
89	51	1
62	32	1
89	54	1
134	49	1
165	100	0
62	39	1
92	8	1
279	221	1
546	328	1
72	91	1
93	36	1
103	51	1
58	60	1
103	53	1
166	161	1
166	162	2
31	43	1
166	163	1
166	164	1
31	45	1
166	165	1
17	10	78
17	11	114
17	12	104
17	13	143
17	14	226
232	202	1
17	15	380
17	16	642
232	204	1
17	17	1382
17	18	15
17	19	10
62	40	1
207	203	1
288	104	1
62	42	1
4	10	13
4	11	5
89	63	1
89	64	2
4	12	4
89	65	1
4	13	1
62	46	1
400	364	1
62	47	4
62	48	1
48	11	1
62	49	3
89	69	1
48	13	1
48	14	3
2932	2444	1
48	15	1
19	1	39
48	16	3
19	2	71
48	17	1
19	3	53
19	4	37
48	19	1
19	5	23
40	1	4
19	6	29
40	2	3
19	7	81
40	3	4
19	8	41
191	170	1
40	4	1
19	9	61
40	5	6
40	6	1
40	7	3
40	8	1
191	175	1
40	9	2
191	178	1
562	466	1
165	58	1
31	51	1
58	72	1
142	134	2
103	69	1
79	16	2
142	137	1
17	20	8
218	199	1
17	21	3
17	22	2
17	23	7
149	1	1
17	24	1
17	25	2
17	27	1
232	217	1
700	383	1
292	93	1
346	338	1
665	605	1
310	296	1
62	50	1
89	70	1
134	62	1
89	71	1
62	51	2
89	73	3
62	53	3
89	74	1
62	54	2
89	75	1
62	55	4
4	24	1
62	56	10
89	77	1
62	57	7
62	58	11
48	20	1
89	79	2
62	59	7
48	22	6
48	23	1
48	24	3
48	25	2
48	26	1
48	27	1
191	180	1
191	181	1
191	182	2
255	207	1
279	248	1
191	188	1
191	189	1
71	100	0
93	52	1
93	58	1
395	380	1
142	140	1
79	22	1
103	76	1
124	17	1
461	411	1
166	189	1
17	33	1
308	288	1
266	193	1
188	8	1
62	60	23
89	80	1
89	81	1
62	61	10
62	62	27
89	82	2
89	83	1
62	65	1
89	85	5
89	86	5
62	67	1
89	87	1
21	10	31
48	30	1
400	386	1
89	88	5
21	11	42
48	31	1
89	89	6
21	12	37
48	32	2
21	13	44
48	33	3
48	34	3
21	14	38
189	176	1
21	15	50
48	35	2
48	36	1
21	16	56
48	37	3
21	17	86
48	38	4
21	18	126
21	19	228
48	39	5
58	1	1
58	2	1
58	3	2
58	4	2
58	5	1
58	6	2
279	256	1
58	8	1
5214	4586	1
871	838	1
93	64	1
93	65	1
103	82	1
165	79	1
52	10	3
52	11	1
395	393	1
103	86	1
79	33	1
103	87	1
79	34	1
79	35	1
371	354	1
124	28	1
124	29	1
52	17	1
52	19	1
329	97	1
742	648	1
308	296	1
308	298	1
242	165	1
1146	1100	1
94	100	-1
89	90	1
1583	1553	1
62	72	1
83	12	1
400	392	1
21	20	371
48	40	7
400	396	1
165	141	1
21	21	701
48	41	5
189	182	1
141	100	0
21	22	16
48	42	4
21	23	5
48	43	20
21	24	3
189	185	1
48	44	22
290	152	1
165	145	1
21	25	5
48	45	19
189	186	1
21	26	4
48	46	23
189	188	2
21	27	2
48	47	43
165	148	1
48	48	53
394	348	1
522	320	1
255	228	1
116	100	-1
116	102	1
116	104	1
116	105	1
97	3	1
116	107	2
116	108	1
97	7	1
97	8	1
881	771	1
103	91	1
93	77	1
103	92	3
103	93	1
52	20	1
93	78	2
103	94	2
52	22	1
103	95	4
103	96	1
52	23	1
103	98	5
52	26	1
103	99	4
417	173	1
322	315	1
856	776	1
908	799	1
242	174	1
83	24	1
21	31	1
48	51	1
165	151	1
165	152	1
21	32	3
394	354	1
48	55	1
48	56	2
255	232	1
116	111	2
116	112	1
116	113	2
116	114	1
369	355	1
93	80	2
116	115	4
93	81	1
116	116	6
93	83	1
93	85	3
93	86	2
93	87	5
93	88	3
52	31	1
93	89	3
371	371	1
52	32	2
52	33	1
52	34	3
79	54	2
52	36	4
45	1	2
45	2	3
45	3	3
79	59	1
52	39	2
45	4	5
45	5	1
45	6	6
45	8	2
45	9	4
412	402	1
139	100	0
190	18	1
83	31	1
280	242	1
280	244	1
83	34	1
83	35	1
21	40	1
83	37	1
280	248	1
165	162	1
807	748	1
394	362	1
165	164	1
165	165	1
141	124	1
141	129	1
255	242	1
369	360	1
345	319	2
93	90	8
93	91	3
93	92	5
93	93	2
79	60	1
52	40	1
79	61	1
52	42	3
123	8	1
52	43	3
52	44	4
79	65	2
52	45	12
52	46	8
79	67	1
52	47	7
79	68	1
52	48	9
52	49	25
188	158	1
535	403	1
190	170	1
278	236	1
139	111	1
190	177	1
190	178	1
280	250	1
280	252	1
280	254	1
139	119	1
83	44	1
141	130	1
394	370	1
141	132	2
48	77	1
484	444	1
141	137	2
141	138	1
231	206	1
345	322	1
206	200	1
568	322	1
186	53	1
206	204	1
52	50	18
79	70	3
79	71	2
52	51	37
38	10	4
38	11	3
52	52	43
79	72	3
674	530	1
79	73	3
38	12	2
38	13	3
79	74	1
38	14	5
79	75	3
52	56	1
38	15	4
79	76	3
38	16	2
79	77	12
38	17	2
79	78	7
38	18	3
79	79	10
38	19	3
188	165	1
188	167	1
164	128	1
164	129	1
190	180	1
190	184	1
280	260	1
139	125	1
139	127	1
69	11	1
139	128	1
32	1	13
83	53	1
280	264	1
69	12	1
32	2	13
32	3	13
1108	994	1
69	14	1
32	4	11
32	5	6
32	6	10
394	380	1
141	140	1
32	7	11
141	141	1
970	822	1
32	8	3
69	19	1
32	9	4
413	481	1
664	614	1
38	20	5
38	21	2
38	22	5
38	23	2
38	24	2
38	25	5
38	26	8
38	27	1
11	10	1932
11	11	5462
38	28	10
11	12	65
38	29	11
11	13	32
11	14	30
188	175	1
11	15	12
11	16	11
188	178	1
11	17	6
11	18	11
278	250	1
254	206	1
11	19	2
254	208	1
368	321	1
190	191	1
139	131	1
139	133	1
139	134	2
139	135	1
139	136	2
83	61	1
69	20	1
139	137	2
114	14	1
307	8	1
69	23	1
69	24	1
280	276	1
69	25	1
83	68	1
394	390	1
83	69	1
394	393	1
71	1	1
71	4	2
71	5	1
231	228	2
71	7	2
307	296	1
550	508	1
206	83	1
289	19	1
38	30	9
124	84	1
38	31	5
38	32	12
52	74	1
38	33	22
38	34	31
38	35	27
38	36	55
38	37	87
11	20	5
38	38	114
11	21	1
38	39	4
188	183	1
11	22	5
188	185	1
164	144	1
11	24	2
188	186	1
254	214	1
254	216	1
1222	1152	1
278	266	1
114	20	1
83	70	2
42	10	1
42	11	2
83	72	2
69	32	1
42	12	3
229	218	1
42	14	1
83	75	3
42	15	1
83	76	4
83	77	2
42	16	3
42	17	2
69	37	1
83	78	7
83	79	5
69	39	1
42	19	1
536	492	1
187	132	1
321	317	1
321	318	1
855	777	1
1358	1343	1
435	432	1
6434	5172	1
73	11	1
145	26	1
688	679	1
124	93	1
38	40	2
38	41	2
140	100	0
393	342	1
38	48	1
164	152	1
788	680	1
780	771	1
115	100	0
115	101	1
278	274	1
115	104	1
115	106	1
115	107	4
115	109	2
229	221	1
83	80	8
42	20	3
83	81	5
42	21	1
83	82	8
114	34	1
42	22	3
83	83	10
42	23	3
229	228	1
69	44	1
69	45	1
42	25	2
69	46	2
42	26	3
42	27	3
42	28	2
42	29	2
512	460	1
460	446	1
602	542	1
688	683	1
38	51	3
38	54	1
140	113	1
38	56	1
140	116	1
164	161	1
164	162	3
254	232	1
483	434	1
115	111	2
115	113	1
115	114	3
115	115	3
368	356	1
114	40	2
114	41	1
42	30	9
458	434	1
42	31	3
42	32	2
42	33	2
114	46	1
42	34	8
69	54	2
42	35	6
42	36	11
69	57	1
42	37	12
83	99	1
42	38	19
42	39	30
69	59	2
329	243	1
277	229	1
138	100	0
37	1	4
37	2	1
37	3	3
73	30	2
37	4	3
37	5	5
37	6	4
37	7	3
37	8	6
37	9	2
38	62	1
140	127	1
140	128	1
230	200	1
230	202	1
254	245	1
254	246	1
254	248	1
205	200	1
205	201	1
114	52	1
69	60	2
205	203	1
42	40	28
69	61	1
42	41	53
42	42	68
69	62	2
42	43	2
69	63	3
69	64	5
434	406	1
42	44	1
42	45	1
69	65	5
69	66	7
69	67	13
163	110	1
28	10	12
69	68	14
42	49	1
28	11	6
69	69	12
28	12	11
1106	932	1
28	13	5
28	14	13
28	15	6
28	16	9
28	17	8
28	18	15
28	19	17
512	488	1
180	27	1
73	40	1
73	41	1
93	140	1
73	46	1
73	47	2
140	130	1
73	48	1
59	10	1
76	1	1
73	49	1
140	132	1
76	2	2
59	13	1
76	3	1
140	134	1
59	15	1
140	137	2
186	100	0
59	17	1
421	357	1
140	138	1
59	19	1
230	210	1
230	212	1
230	218	1
115	134	1
115	137	1
434	410	1
240	149	1
434	411	1
69	70	1
69	71	1
69	73	1
28	20	17
28	21	16
28	22	29
2504	2192	1
28	23	41
28	24	46
28	25	61
28	26	115
239	191	1
28	27	190
28	28	312
28	29	6
239	193	1
187	175	1
482	404	1
138	120	1
138	123	1
73	50	2
331	282	1
73	54	1
228	200	1
73	55	2
73	56	1
228	202	1
59	21	1
228	206	1
104	14	1
59	22	1
59	23	2
59	24	1
59	29	1
230	221	1
230	222	1
1288	1222	1
306	286	2
24	1	27
24	2	29
24	3	26
24	4	16
344	342	1
24	5	18
24	6	18
24	7	8
24	8	48
715	632	1
24	9	16
434	425	1
69	83	1
434	428	1
28	30	3
28	31	2
28	32	2
28	33	2
163	138	1
673	557	1
187	187	1
138	130	1
138	131	1
454	288	1
1508	1220	1
138	133	1
138	134	1
138	135	3
73	60	1
138	137	2
73	62	1
73	63	4
73	64	5
228	211	1
73	65	5
73	66	2
73	67	2
73	68	4
32	10	4
73	69	6
32	11	3
32	12	4
59	32	1
457	416	1
59	33	1
32	13	5
32	14	7
104	27	1
32	15	4
32	16	11
59	37	2
32	17	6
59	38	2
32	18	7
59	39	2
32	19	7
320	310	1
197	16	1
63	11	1
114	85	1
63	12	1
63	13	1
63	14	1
28	41	2
28	44	1
28	45	1
444	368	1
253	229	1
114	100	0
114	101	1
114	104	1
73	70	12
114	106	2
73	71	9
73	72	16
114	107	2
94	12	1
73	73	10
114	108	1
73	74	1
59	40	1
32	20	8
59	41	2
32	21	9
59	42	1
32	22	7
32	23	6
228	227	2
59	44	1
32	24	13
59	45	1
32	25	15
32	26	27
59	46	3
59	47	1
32	27	32
32	28	24
59	49	2
32	29	49
63	1	1
63	4	1
1096	1079	1
63	6	1
63	7	1
63	8	2
687	684	1
63	24	2
114	98	2
114	99	1
63	28	2
217	43	1
163	152	1
63	29	1
28	56	8
11	1	276
163	157	2
11	2	298
163	158	1
11	3	207
11	4	297
277	271	1
11	5	886
11	6	453
11	7	626
1161	1141	1
11	8	644
11	9	1123
114	111	1
114	113	4
114	114	1
943	802	1
32	30	62
32	31	137
59	51	4
32	32	184
59	52	4
32	33	4
59	53	6
59	54	6
32	35	2
59	55	10
59	56	11
59	57	20
59	58	17
32	39	1
59	59	34
650	597	1
2288	1994	1
231	81	1
63	31	1
63	34	2
63	38	1
163	161	2
163	163	2
313	97	1
1662	1430	1
277	281	1
534	466	1
367	361	1
714	613	1
343	328	1
73	97	1
59	60	2
32	41	1
59	61	1
59	62	1
104	57	1
18	10	72
18	11	65
18	12	58
18	13	92
18	14	126
18	15	175
18	16	334
162	117	1
18	17	563
18	18	1226
18	19	12
715	671	1
2	1	1278458
2	2	2138015
2	3	7531
2	4	7558
2	5	101
2	6	91
137	114	1
2	7	9
2	8	6
63	40	2
63	41	1
63	42	1
5	10	89
5	11	6
135	56	1
5	12	4
135	57	1
5	14	1
63	46	2
5	15	1
49	10	1
63	48	1
63	49	2
49	11	3
49	13	1
49	14	2
49	15	1
29	1	15
215	197	1
29	2	19
29	3	9
49	18	2
29	4	5
29	5	8
50	1	1
29	6	9
253	251	1
50	2	3
29	7	7
253	252	2
29	8	8
50	4	1
29	9	6
50	5	1
1586	1450	1
50	7	2
50	8	1
3006	2441	1
596	576	1
457	450	1
94	46	1
104	63	1
32	52	1
104	66	1
433	418	1
59	77	1
18	20	9
18	21	2
18	22	7
18	23	4
18	24	2
18	25	2
18	26	2
18	27	2
511	494	1
18	28	1
238	189	1
18	29	1
1527	1355	1
170	36	1
137	123	1
595	519	1
63	50	1
63	51	5
137	128	1
63	52	1
63	53	2
227	201	1
2228	1988	1
63	55	4
63	56	7
63	57	3
49	20	1
63	58	6
63	59	9
49	21	4
49	22	1
49	23	1
49	25	1
49	26	5
49	28	1
49	29	3
94	54	1
125	10	1
125	13	1
125	15	1
104	77	1
186	173	1
186	174	1
186	179	1
137	133	1
107	4	1
137	136	2
63	60	11
63	61	14
63	62	16
63	63	23
63	66	1
227	214	1
392	390	1
22	10	41
63	69	1
22	11	37
22	12	39
49	32	1
22	13	36
22	14	27
49	34	2
22	15	48
49	35	2
49	36	2
22	16	41
22	17	49
49	37	4
22	18	69
49	38	2
919	897	1
22	19	118
49	39	5
68	2	2
68	3	2
68	5	1
68	6	1
68	8	2
624	568	1
94	66	1
94	67	1
53	10	1
3754	3256	1
94	69	1
53	11	1
16	1	67
16	2	105
53	13	1
125	25	1
16	3	67
16	4	64
16	5	67
16	6	176
53	17	2
16	7	83
16	8	233
186	183	1
53	19	2
16	9	101
186	186	1
162	146	1
162	147	1
252	225	1
276	268	2
252	228	1
113	100	0
113	102	1
113	104	1
113	109	2
227	223	1
22	20	193
49	40	6
49	41	1
22	21	352
227	226	1
22	22	647
49	42	9
2548	2418	1
22	23	10
49	43	10
22	24	6
49	44	10
420	384	1
22	25	6
49	45	16
22	26	2
49	46	22
420	386	1
49	47	25
22	28	2
49	48	31
49	49	39
104	90	1
104	92	1
104	93	1
53	20	1
91	112	1
104	95	4
53	23	2
53	24	1
104	97	2
104	98	1
104	99	6
53	27	2
53	28	1
53	29	1
1321	1039	1
786	680	1
830	798	1
571	502	1
113	110	3
113	111	3
366	352	1
113	112	6
113	113	5
84	22	1
135	95	1
342	318	1
84	24	1
22	30	1
84	27	1
49	50	3
49	51	1
84	29	1
22	32	2
22	33	1
49	53	1
352	246	1
317	312	2
161	100	0
317	314	1
7	1	1234
7	2	1501
7	3	7052
7	4	2930
7	5	4740
7	6	6599
89	100	0
89	101	1
7	7	22612
7	8	203
7	9	74
94	80	3
94	81	1
89	108	1
136	100	0
94	83	1
94	84	2
166	97	1
94	85	1
94	86	2
94	87	2
53	30	3
94	88	2
53	31	1
94	89	2
53	33	1
53	34	1
53	35	2
55	1	1
53	36	2
53	37	2
1275	1068	1
53	38	3
55	3	3
162	161	1
55	4	1
162	162	1
55	5	1
55	6	1
55	7	2
214	185	1
55	8	1
613	604	1
55	9	2
252	240	1
304	268	1
252	249	1
647	576	1
418	384	1
156	46	1
211	30	1
203	203	1
22	41	1
22	43	1
436	120	1
556	444	1
94	91	4
94	92	3
1152	914	1
94	93	5
133	1	1
94	94	8
133	2	1
125	50	1
389	355	1
53	40	1
53	41	2
53	42	2
277	7	1
53	43	5
133	8	1
136	119	1
1284	1142	1
53	44	4
53	45	3
53	46	8
53	47	3
214	191	1
53	48	11
39	10	2
39	11	4
53	49	9
39	12	2
39	13	6
391	374	1
39	14	3
39	15	1
39	17	2
214	198	1
39	18	2
252	250	2
39	19	5
252	252	1
304	274	1
94	6	1
342	332	2
84	41	1
342	338	2
156	56	1
432	409	1
546	522	1
213	147	1
610	491	1
136	122	1
125	60	1
53	50	9
136	126	2
53	51	26
136	128	2
53	52	25
53	53	23
53	56	2
39	20	2
479	444	1
39	21	3
39	23	3
39	24	5
39	25	2
39	26	2
39	27	4
39	28	6
481	456	1
39	29	4
304	282	1
304	286	1
298	234	1
84	51	1
42	1	2
42	2	6
42	3	7
42	4	2
42	5	4
42	6	4
156	69	1
42	7	2
84	59	1
237	191	1
185	173	2
275	252	1
299	295	2
299	298	1
136	133	1
125	70	1
136	136	4
12	10	876
39	30	3
12	11	1558
39	31	17
12	12	4211
39	32	9
12	13	42
39	33	15
569	525	1
12	14	25
39	34	12
12	15	15
1091	1079	1
39	35	14
12	16	11
39	36	40
12	17	10
39	37	45
12	18	9
39	38	72
12	19	3
39	39	100
304	296	1
191	42	1
852	764	1
115	11	1
84	63	1
156	75	1
159	124	1
43	10	1
43	12	2
43	13	1
43	14	2
43	15	5
43	16	1
185	181	1
81	2	1
43	17	3
43	18	3
43	19	3
213	163	2
185	184	2
81	7	1
112	100	1
112	102	1
112	103	1
53	72	1
112	107	1
112	108	1
226	220	1
112	109	2
74	13	1
74	14	1
226	222	1
12	20	2
39	40	4
39	41	1
212	100	0
12	21	4
798	732	1
74	19	1
226	226	1
39	42	1
12	22	2
12	25	1
39	47	1
416	306	1
84	73	2
84	74	1
84	75	2
84	76	2
390	48	1
159	135	1
84	77	4
84	78	3
43	20	2
84	79	4
43	21	1
1014	894	1
43	22	1
352	295	1
43	23	3
43	24	2
43	25	1
43	26	1
161	150	1
43	27	3
161	151	1
43	28	3
43	29	4
161	153	1
556	482	1
213	176	1
161	157	1
213	177	1
161	158	1
275	273	1
160	60	1
726	714	1
112	110	1
112	111	2
112	112	3
570	508	1
112	113	1
507	447	1
74	27	1
316	304	1
160	100	0
160	103	1
88	100	0
298	263	1
138	4	1
84	80	6
84	81	1
135	100	-1
84	82	5
84	83	6
84	84	10
43	30	3
43	31	1
159	149	1
43	32	7
43	33	6
43	34	7
43	35	10
43	36	8
161	160	2
43	37	3
99	3	1
43	38	15
99	4	1
43	39	16
251	242	2
251	243	1
251	245	1
341	317	1
74	31	1
74	34	1
39	60	1
74	38	1
74	39	1
326	248	1
298	276	1
159	151	1
150	24	1
159	154	2
478	420	1
506	400	1
43	40	23
159	157	2
159	158	1
43	41	45
159	159	2
135	118	1
43	42	44
43	43	85
43	44	3
43	45	1
213	191	1
303	260	1
183	100	0
6202	5138	1
47	1	2
47	2	3
47	3	4
47	4	1
47	5	3
47	8	2
47	9	1
202	201	2
146	48	1
74	41	1
74	42	1
74	43	1
74	45	1
184	168	1
274	241	1
135	125	1
29	10	1
29	11	9
135	129	2
29	12	6
29	13	7
249	242	1
29	14	3
249	243	1
43	56	1
29	15	11
442	396	1
29	16	14
29	17	8
29	18	8
29	19	5
568	514	1
480	451	1
160	90	1
86	1	2
