Substance ID = 	385737
1800	203
1834	1
1841	1
1842	1
1845	1
1848	1
1853	2
1854	1
1855	2
1857	3
1858	3
1859	3
1860	2
1861	7
1862	6
1863	2
1865	2
1866	2
1868	16
1869	3
1870	6
1871	2
1872	8
1873	13
1874	10
1875	13
1876	24
1877	39
1878	39
1879	30
1880	32
1881	56
1882	51
1883	78
1884	85
1885	92
1886	59
1887	96
1888	110
1889	146
1890	109
1891	181
1892	156
1893	116
1894	159
1895	152
1896	100
1897	133
1898	157
1899	199
1900	157
1901	175
1902	251
1903	145
1904	262
1905	198
1906	293
1907	191
1908	237
1909	282
1910	227
1911	219
1912	282
1913	275
1914	211
1915	187
1916	118
1917	92
1918	94
1919	89
1920	124
1921	244
1922	279
1923	349
1924	313
1925	357
1926	468
1927	404
1928	499
1929	476
1930	614
1931	682
1932	599
1933	615
1934	656
1935	618
1936	672
1937	783
1938	806
1939	851
1940	688
1941	686
1942	546
1943	560
1944	537
1945	618
1946	580
1947	659
1948	1056
1949	1124
1950	948
1951	1232
1952	1243
1953	1317
1954	1262
1955	1294
1956	1451
1957	1480
1958	1562
1959	1632
1960	671
1961	586
1962	630
1963	714
1964	729
1965	828
1966	839
1967	916
1968	858
1969	808
1970	993
1971	938
1972	995
1973	883
1974	822
1975	947
1976	1291
1977	1153
1978	1030
1979	940
1980	4860
1981	5306
1982	4816
1983	4593
1984	4520
1985	4794
1986	4757
1987	5039
1988	4912
1989	4574
1990	4837
1991	4503
1992	5059
1993	4369
1994	5009
1995	4799
1996	4737
1997	4904
1998	5344
1999	4937
2000	5113
2001	5113
2002	5998
2003	6448
2004	6947
2005	7019
2006	6802
2007	6585
2008	6845
2009	6719
2010	7533
2011	7656
2012	7065
2013	7159
2014	7334
2015	7362
2016	8123
2017	7714
2018	7522
2019	7033
2020	6922
2021	6621
2022	516
Substance ID = 	1098229
1800	211
1835	10
1836	4
1837	4
1838	3
1839	1
1840	2
1843	1
1845	6
1846	4
1847	5
1848	1
1849	1
1850	1
1851	3
1852	1
1853	3
1854	4
1856	1
1857	8
1858	3
1859	5
1860	1
1861	4
1862	2
1863	3
1864	6
1865	2
1866	6
1867	8
1868	1
1869	4
1870	5
1871	5
1872	12
1873	10
1874	7
1875	23
1876	12
1877	13
1878	25
1879	34
1880	34
1881	43
1882	29
1883	44
1884	48
1885	73
1886	54
1887	63
1888	75
1889	67
1890	46
1891	90
1892	59
1893	92
1894	112
1895	110
1896	108
1897	153
1898	126
1899	134
1900	125
1901	121
1902	198
1903	138
1904	170
1905	141
1906	185
1907	195
1908	180
1909	230
1910	198
1911	201
1912	264
1913	275
1914	158
1915	91
1916	133
1917	114
1918	145
1919	121
1920	136
1921	148
1922	283
1923	193
1924	295
1925	316
1926	336
1927	374
1928	458
1929	427
1930	543
1931	520
1932	568
1933	533
1934	634
1935	685
1936	664
1937	836
1938	742
1939	763
1940	676
1941	724
1942	677
1943	505
1944	605
1945	496
1946	688
1947	845
1948	1107
1949	1246
1950	1151
1951	1347
1952	1668
1953	1635
1954	1915
1955	2003
1956	2225
1957	2581
1958	2459
1959	2842
1960	1242
1961	1748
1962	1642
1963	1866
1964	1968
1965	2143
1966	1985
1967	2200
1968	2502
1969	2169
1970	2400
1971	2528
1972	2592
1973	2839
1974	2407
1975	2826
1976	5161
1977	4716
1978	4125
1979	3904
1980	15694
1981	17539
1982	16778
1983	17807
1984	17965
1985	18654
1986	17978
1987	19314
1988	19579
1989	19334
1990	21405
1991	20905
1992	22292
1993	22194
1994	22917
1995	22986
1996	26508
1997	26674
1998	29127
1999	29482
2000	32254
2001	34513
2002	43609
2003	45976
2004	55062
2005	55337
2006	59286
2007	58085
2008	61235
2009	65819
2010	71977
2011	71429
2012	75938
2013	79483
2014	80596
2015	83618
2016	88350
2017	86575
2018	86576
2019	90977
2020	91162
2021	91748
2022	5288
Substance ID = 	969135
1800	103
1837	1
1849	1
1850	2
1851	8
1852	2
1853	3
1854	12
1856	3
1857	3
1858	1
1859	7
1860	3
1861	2
1862	7
1863	9
1864	3
1865	9
1866	6
1867	11
1868	5
1869	7
1870	6
1871	8
1872	4
1873	13
1874	7
1875	18
1876	14
1877	18
1878	28
1879	18
1880	38
1881	57
1882	58
1883	62
1884	66
1885	73
1886	61
1887	69
1888	87
1889	78
1890	56
1891	81
1892	50
1893	72
1894	90
1895	77
1896	87
1897	120
1898	87
1899	100
1900	118
1901	101
1902	152
1903	136
1904	123
1905	107
1906	101
1907	138
1908	84
1909	103
1910	96
1911	106
1912	120
1913	125
1914	76
1915	57
1916	107
1917	28
1918	44
1919	36
1920	58
1921	89
1922	93
1923	102
1924	97
1925	123
1926	164
1927	116
1928	141
1929	114
1930	144
1931	152
1932	124
1933	168
1934	156
1935	148
1936	132
1937	204
1938	189
1939	149
1940	127
1941	124
1942	110
1943	59
1944	137
1945	82
1946	93
1947	234
1948	230
1949	317
1950	297
1951	344
1952	299
1953	397
1954	410
1955	513
1956	450
1957	549
1958	493
1959	647
1960	203
1961	239
1962	307
1963	297
1964	329
1965	290
1966	399
1967	313
1968	468
1969	359
1970	481
1971	499
1972	461
1973	639
1974	535
1975	520
1976	941
1977	850
1978	754
1979	848
1980	2812
1981	3009
1982	2736
1983	2911
1984	3007
1985	3018
1986	3118
1987	3075
1988	3284
1989	2936
1990	2971
1991	3073
1992	3153
1993	3010
1994	2977
1995	2923
1996	3365
1997	3220
1998	3456
1999	3143
2000	3272
2001	3384
2002	4077
2003	4329
2004	4928
2005	5042
2006	5061
2007	4923
2008	4873
2009	4858
2010	5274
2011	5640
2012	5640
2013	5841
2014	5862
2015	6388
2016	6487
2017	6886
2018	7048
2019	6581
2020	6912
2021	7723
2022	377
Substance ID = 	471223
1800	104
1824	4
1832	3
1835	1
1836	3
1837	1
1841	6
1844	1
1848	1
1849	1
1850	3
1851	2
1855	1
1856	3
1858	1
1859	1
1862	4
1864	3
1865	2
1866	6
1867	5
1868	1
1869	2
1870	7
1871	2
1872	4
1873	1
1874	3
1875	1
1876	1
1877	12
1878	12
1879	2
1880	7
1881	18
1882	20
1883	22
1884	31
1885	26
1886	21
1887	39
1888	31
1889	42
1890	35
1891	29
1892	37
1893	57
1894	82
1895	78
1896	90
1897	68
1898	73
1899	70
1900	69
1901	103
1902	86
1903	61
1904	117
1905	70
1906	98
1907	70
1908	100
1909	112
1910	71
1911	57
1912	66
1913	82
1914	57
1915	75
1916	63
1917	45
1918	40
1919	24
1920	46
1921	86
1922	80
1923	77
1924	98
1925	105
1926	97
1927	79
1928	130
1929	143
1930	122
1931	158
1932	147
1933	121
1934	117
1935	112
1936	144
1937	132
1938	148
1939	139
1940	110
1941	84
1942	96
1943	84
1944	72
1945	94
1946	92
1947	100
1948	149
1949	176
1950	153
1951	150
1952	191
1953	251
1954	242
1955	265
1956	258
1957	249
1958	240
1959	226
1960	139
1961	157
1962	171
1963	138
1964	152
1965	147
1966	144
1967	164
1968	177
1969	190
1970	205
1971	242
1972	177
1973	227
1974	229
1975	235
1976	262
1977	256
1978	274
1979	276
1980	912
1981	1195
1982	1006
1983	1147
1984	1275
1985	1338
1986	1193
1987	1250
1988	1282
1989	1286
1990	1313
1991	1470
1992	1402
1993	1502
1994	1553
1995	1517
1996	1502
1997	1894
1998	2065
1999	2000
2000	1976
2001	2213
2002	2565
2003	2603
2004	2770
2005	3160
2006	3481
2007	3379
2008	3567
2009	3902
2010	4960
2011	4975
2012	5340
2013	5616
2014	5458
2015	5637
2016	5572
2017	5355
2018	5300
2019	5374
2020	5378
2021	5314
2022	440
Substance ID = 	1209228
1800	337
1838	1
1868	1
1872	2
1874	3
1879	1
1882	1
1883	1
1884	1
1885	2
1886	2
1887	8
1888	4
1889	10
1890	13
1891	7
1892	27
1893	16
1894	49
1895	30
1896	39
1897	33
1898	53
1899	39
1900	54
1901	48
1902	50
1903	67
1904	53
1905	59
1906	42
1907	55
1908	57
1909	40
1910	25
1911	27
1912	55
1913	54
1914	26
1915	32
1916	33
1917	29
1918	30
1919	25
1920	39
1921	55
1922	79
1923	93
1924	80
1925	72
1926	75
1927	84
1928	105
1929	109
1930	115
1931	84
1932	133
1933	161
1934	124
1935	148
1936	185
1937	182
1938	238
1939	209
1940	153
1941	186
1942	155
1943	94
1944	202
1945	159
1946	351
1947	241
1948	305
1949	413
1950	424
1951	359
1952	409
1953	527
1954	568
1955	647
1956	621
1957	685
1958	617
1959	590
1960	284
1961	336
1962	407
1963	438
1964	316
1965	430
1966	445
1967	423
1968	419
1969	432
1970	577
1971	530
1972	413
1973	819
1974	378
1975	405
1976	537
1977	571
1978	495
1979	491
1980	1512
1981	1135
1982	1182
1983	1379
1984	1177
1985	1296
1986	1122
1987	1152
1988	1363
1989	1007
1990	1345
1991	1523
1992	1203
1993	1401
1994	1366
1995	1670
1996	1443
1997	1442
1998	1553
1999	1571
2000	1611
2001	1932
2002	2026
2003	2163
2004	2671
2005	2816
2006	2957
2007	2949
2008	3396
2009	3496
2010	4454
2011	3799
2012	4292
2013	4638
2014	4736
2015	4761
2016	4989
2017	5139
2018	5215
2019	5472
2020	4738
2021	5281
2022	190
Substance ID = 	605461
1870	4
1881	2
1882	1
1889	2
1892	2
1894	1
1899	7
1900	4
1901	1
1902	6
1904	3
1905	14
1910	2
1912	3
1913	4
1917	1
1920	1
1921	4
1924	1
1925	6
1926	1
1927	2
1930	2
1931	2
1932	2
1933	9
1934	6
1935	1
1936	8
1937	8
1938	5
1939	3
1940	3
1941	1
1942	8
1944	3
1945	2
1946	16
1947	1
1949	25
1950	17
1951	9
1952	9
1953	8
1954	9
1955	20
1956	15
1957	16
1958	31
1959	31
1960	9
1961	30
1962	16
1963	28
1964	34
1965	41
1966	30
1967	42
1968	66
1969	59
1970	76
1971	87
1972	41
1973	40
1974	45
1975	30
1976	56
1977	61
1978	41
1979	36
1980	167
1981	189
1982	169
1983	242
1984	246
1985	284
1986	297
1987	279
1988	319
1989	328
1990	397
1991	340
1992	308
1993	426
1994	278
1995	434
1996	484
1997	396
1998	483
1999	591
2000	598
2001	628
2002	1009
2003	1122
2004	1404
2005	1652
2006	1402
2007	1945
2008	2016
2009	2595
2010	3112
2011	3260
2012	3394
2013	4352
2014	4206
2015	4500
2016	4792
2017	4566
2018	4642
2019	4602
2020	4440
2021	4632
2022	283
Substance ID = 	385801
1865	1
1866	1
1875	1
1876	1
1877	1
1883	7
1885	4
1890	1
1891	1
1895	1
1899	2
1902	2
1903	1
1904	4
1905	2
1906	1
1907	6
1908	5
1909	2
1910	7
1911	5
1912	5
1913	14
1914	3
1915	1
1916	3
1917	2
1920	2
1921	3
1922	2
1923	3
1924	3
1925	6
1926	12
1927	2
1928	12
1929	7
1930	7
1931	10
1932	6
1933	5
1934	5
1935	19
1936	19
1937	19
1938	8
1939	13
1940	8
1941	8
1942	7
1943	5
1944	3
1945	6
1946	11
1947	13
1948	27
1949	18
1950	15
1951	41
1952	22
1953	46
1954	33
1955	53
1956	31
1957	36
1958	44
1959	47
1960	22
1961	19
1962	33
1963	25
1964	37
1965	13
1966	35
1967	58
1968	61
1969	55
1970	38
1971	73
1972	55
1973	54
1974	73
1975	74
1976	164
1977	137
1978	121
1979	135
1980	454
1981	583
1982	516
1983	515
1984	526
1985	611
1986	652
1987	812
1988	821
1989	798
1990	918
1991	923
1992	899
1993	930
1994	1297
1995	1202
1996	1333
1997	1370
1998	1539
1999	1572
2000	1458
2001	1619
2002	1823
2003	1984
2004	2232
2005	2093
2006	2252
2007	2052
2008	2038
2009	2166
2010	2280
2011	2327
2012	2525
2013	2470
2014	2634
2015	2598
2016	2704
2017	2733
2018	2823
2019	2791
2020	2640
2021	2805
2022	228
